%YAML:1.0
---
M1: !!opencv-matrix
   rows: 3
   cols: 3
   dt: d
   data: [ 9.3513577996474169e+02, 0., 9.5948835031091642e+02, 0.,
       9.3521017634641169e+02, 5.3945997934721584e+02, 0., 0., 1. ]
D1: !!opencv-matrix
   rows: 1
   cols: 14
   dt: d
   data: [ -8.7596056063365133e-04, 3.6105591032165414e-03, 0., 0., 0.,
       0., 0., 3.4825714739181602e-03, 0., 0., 0., 0., 0., 0. ]
M2: !!opencv-matrix
   rows: 3
   cols: 3
   dt: d
   data: [ 9.3513577996474169e+02, 0., 9.5948699449719038e+02, 0.,
       9.3521017634641169e+02, 5.3946517221070803e+02, 0., 0., 1. ]
D2: !!opencv-matrix
   rows: 1
   cols: 14
   dt: d
   data: [ -5.4906341945905486e-04, 2.2159669704397695e-03, 0., 0., 0.,
       0., 0., 1.8733862800961961e-03, 0., 0., 0., 0., 0., 0. ]
R: !!opencv-matrix
   rows: 3
   cols: 3
   dt: d
   data: [ 9.9962355550217163e-01, -2.6163960916989578e-02,
       -8.2579921488793988e-03, 2.6015248717155774e-02,
       9.9950608510541461e-01, -1.7629312846285706e-02,
       8.7151660558612825e-03, 1.7407842668806819e-02,
       9.9981048848981213e-01 ]
T: !!opencv-matrix
   rows: 3
   cols: 1
   dt: d
   data: [ -3.5617302493166081e-03, -2.3988800496212426e-01,
       -2.4074553060720909e-02 ]
E: !!opencv-matrix
   rows: 3
   cols: 3
   dt: d
   data: [ -1.4643583124251702e-03, 1.9886729631869125e-02,
       -2.4026696125156990e-01, -2.4034449257114548e-02,
       6.9188770518352721e-04, 3.7598627306013920e-03,
       2.3970504114426186e-01, -9.8363914439795960e-03,
       -1.9182024047482828e-03 ]
F: !!opencv-matrix
   rows: 3
   cols: 3
   dt: d
   data: [ 1.0444543111211809e-06, -1.4183091663520825e-05,
       1.6690378499064620e-01, 1.7141219456698396e-05,
       -4.9341074616866345e-07, -1.8688201602164806e-02,
       -1.7012915474828513e-01, 2.0434884075477881e-02, 1. ]
R1: !!opencv-matrix
   rows: 3
   cols: 3
   dt: d
   data: [ -9.9913759180777983e-01, 4.1334930919382021e-02,
       3.9365114556138333e-03, 4.1518653203994657e-02,
       9.9575355850182823e-01, 8.2164786661149819e-02,
       -5.2351950936626191e-04, 8.2257365729980395e-02,
       -9.9661098313759677e-01 ]
R2: !!opencv-matrix
   rows: 3
   cols: 3
   dt: d
   data: [ -9.9987546515654591e-01, 1.5252304035824022e-02,
       -4.0523326097035390e-03, 1.4771650384684811e-02,
       9.9489335034845350e-01, 9.9844978728736128e-02,
       5.5545047388153457e-03, 9.9772684909387455e-02,
       -9.9499475316359243e-01 ]
P1: !!opencv-matrix
   rows: 3
   cols: 4
   dt: d
   data: [ 8.2587436444908246e+02, 0., 9.5767156219482422e+02, 0., 0.,
       8.2587436444908246e+02, 6.5502329635620117e+02, 0., 0., 0., 1.,
       0. ]
P2: !!opencv-matrix
   rows: 3
   cols: 4
   dt: d
   data: [ 8.2587436444908246e+02, 0., 9.5767156219482422e+02, 0., 0.,
       8.2587436444908246e+02, 6.5502329635620117e+02,
       -1.9913426254951210e+02, 0., 0., 1., 0. ]
Q: !!opencv-matrix
   rows: 4
   cols: 4
   dt: d
   data: [ 1., 0., 0., -9.5767156219482422e+02, 0., 1., 0.,
       -6.5502329635620117e+02, 0., 0., 0., 8.2587436444908246e+02, 0.,
       0., 4.1473242920400990e+00, 0. ]
